       N       E                     dE             d eps       ncg     rms          rms(c)
DAV:   1     0.236318345369E+03    0.23632E+03   -0.10901E+04   648   0.127E+03
DAV:   2    -0.687502303016E+00   -0.23701E+03   -0.23347E+03   656   0.416E+02
